latitude: 49.89987652226228
longitude: 8.900878186854987
