latitude: 49.89999099545995
longitude: 8.900365540286584
