latitude: 49.89994721195767
longitude: 8.900425451456298

